0.745338736462746
0.987660600162779
0.7488782311236917
0.9893798744883464
0.7510059371256523
0.9897950449098858
0.7400507639143292
0.9903983929904796
0.750509527451607
0.9914943534596219
0.7553650223506042
0.9897205556822416
0.7548244491864138
0.9924263084045236
0.7515999834802638
0.9900399922916843
0.7516792967019148
0.9915512458285182
0.7573505954498063
0.9920408805444241
0.7556551987892255
0.9860734912337046
0.7536124401205417
0.9917937054573966
0.7572523800485195
0.9923202900629992
0.7567146838729086
0.9923741003975042
0.7547751479854696
0.9913065225393458
0.754434062464677
0.9928445150599415
0.7562592109217976
0.9922847018626952
0.757803304696595
0.9925716778765845
0.7590920608259628
0.9918370495436335
0.7531196435669697
0.9920605566595034
0.7583239297977293
0.9924165849121973
0.759588493912088
0.9919204024107617
0.7535126662515419
0.992708992237811
0.7550715666024548
0.9904619356398552
0.7587176859169511
0.9932234197353451
0.7613223757163828
0.9935798180234491
0.7583326117953291
0.9922412054660992
0.7579455569254382
0.9933314139176377
0.7596830289775753
0.9935554806896891
0.7559668122776048
0.9931476762487685
0.7599545144847284
0.9938042331964974
0.7588506015809662
0.9928140230936855
0.7611657433996809
0.9932643994564195
0.7583340228856175
0.993380732605321
0.7594750734977689
0.9939778502562553
0.7559755324681827
0.9932784198091322
0.7593601984056946
0.9925258265511128
0.7616001851823446
0.991231348784552
0.7601050727153265
0.9931608618097795
0.7609508092859474
0.9936293154635523
0.7602601018979509
0.9936756698530591
0.7612415206420432
0.9925753118442348
0.7586984908165924
0.9936570445925137
0.7604808154508294
0.9940970994222791
0.7602967689911678
0.9937658324202068
0.7602381659659012
0.9929703972960899
0.760398889894202
0.993666798055918
0.7608656741165827
0.9937468263070448
0.7607863571187898
0.9933631890142828
0.760526597826958
0.9939031335348303
0.7604672908209488
0.9933234760571383
0.7603570897294463
0.993629092521693
0.7591149980829586
0.9933516082357261
0.7607160303596665
0.9937460357559278
0.7603066745666374
0.9942317175628133
0.7606620019684945
0.9938780515271838
0.7598130552456872
0.9930131648738068
0.7614804615240524
0.9937874533820721
0.7582906313467694
0.9939137492037552
0.7594641412432575
0.9939477916431476
0.7618182309449053
0.9936004259526448
0.76110930464318
0.9934883400277281
0.7617851165538914
0.9940276524193679
0.7602794582935142
0.9940829591596813
0.7617413835439244
0.9938317187465175
0.7614406921684183
0.9940931947175948
0.7606995029417358
0.9939208047075314
0.7612015754260857
0.9937602679008497
0.760287886642267
0.9937032838030648
0.7594464679280903
0.9936005253533109
0.7606151186851632
0.9940900413612437
0.7608486433928796
0.9940730922051125
0.7619879360491353
0.9937076715484441
0.7620086038448404
0.9939110073615586
0.7608349106436347
0.9938493292610295
0.760991451254033
0.9940760143852296
0.7615375718943651
0.9940562886593216
0.7605758519879627
0.9933022161291305
0.7617191511307895
0.9942577964668238
0.7616718247441769
0.9932889196853593
0.7594257608605093
0.9939045524812569
0.761473875285215
0.9941537710741316
0.7617350752291321
0.9939216769119353
0.7616904694988238
0.9938786131524548
0.7611468248208002
0.9938209360374199
0.7618543973217043
0.9941119141619975
0.7608713291588238
0.9934989678947796
0.7618980930018111
0.9929147952434811
0.7617383714773541
0.9934459894367007
0.7615229071932959
0.9942743150827917
0.7617748419954118
0.9937143976516594
0.7614221454855712
0.994064744057943
0.7616609321931005
0.9941523199573841
0.7612668166930583
0.9939607840799418
0.7619424148741372
0.9941580301126541
0.7616808304110836
0.99423794026955
0.7615270150962498
0.9940203194018205
0.7616070388799192
0.9917130560224312
0.7617587123670593
0.9937054470142165
0.7618392743048965
0.9936671582970251
